 & \rotatebox{90}{(3, 1)} & \rotatebox{90}{(4, 1)} & \rotatebox{90}{(5, 1)} & \rotatebox{90}{(5, 2)} & \rotatebox{90}{(6, 1)} & \rotatebox{90}{(6, 2)} & \rotatebox{90}{(6, 3)} & \rotatebox{90}{(6, 4)} & \rotatebox{90}{(6, 5)} & \rotatebox{90}{(7, 1)} & \rotatebox{90}{(7, 2)} & \rotatebox{90}{(7, 3)} & \rotatebox{90}{(7, 4)} & \rotatebox{90}{(7, 5)} & \rotatebox{90}{(7, 6)} & \rotatebox{90}{(7, 7)} & \rotatebox{90}{(8, 1)} & \rotatebox{90}{(8, 2)} & \rotatebox{90}{(8, 3)} & \rotatebox{90}{(8, 4)} & \rotatebox{90}{(8, 5)} & \rotatebox{90}{(8, 6)} & \rotatebox{90}{(8, 7)} & \rotatebox{90}{(8, 8)} & \rotatebox{90}{(8, 9)} & \rotatebox{90}{(8, 10)} & \rotatebox{90}{(8, 11)} & \rotatebox{90}{(8, 12)} & \rotatebox{90}{(8, 13)} & \rotatebox{90}{(8, 14)} & \rotatebox{90}{(8, 15)} & \rotatebox{90}{(8, 16)} & \rotatebox{90}{(8, 17)} & \rotatebox{90}{(8, 18)} & \rotatebox{90}{(8, 19)} & \rotatebox{90}{(8, 20)} & \rotatebox{90}{(8, 21)} \\ \midrule 
(3, 1) & 2 & 40320 & 24 & 144 & 5376 & 288 & 720 & 4 & 4 & 18 & 16 & 12960 & 8640 & 24 & 5760 & 958003200 & 24908083200 & 39916800 & 600 & 10461394944000 & 10886400 & 21772800 & 24 & 6227020800 & 110 & 653837184000 & 6227020800 & 7680 & 4354560 & 34560 & 84 & 3113510400 & 20922789888000 & 4320 & 120960 & 604800 & 14515200 \\
(4, 1) & 40320 & 7 & 239500800 & 479001600 & 196 & 79833600 & 59875200 & 362880 & 40320 & 9340531200 & 12454041600 & 20922789888000 & 177843714048000 & 1088640 & 6227020800 & 39916800 & 958003200 & 70 & 217945728000 & 177843714048000 & 718502400 & 252 & 261534873600 & 3923023104000 & 60822550204416000 & 60822550204416000 & 84 & 174356582400 & 958003200 & 84 & 355687428096000 & 10461394944000 & 653837184000 & 3923023104000 & 3201186852864000 & 20922789888000 & 174356582400 \\
(5, 1) & 24 & 239500800 & 4 & 96 & 958003200 & 17280 & 10886400 & 20 & 48 & 120 & 32 & 86400 & 1814400 & 48 & 146313216000 & 355687428096000 & 41845579776000 & 1307674368000 & 10461394944000 & 10461394944000 & 3201186852864000 & 523069747200 & 2432902008176640000 & 20922789888000 & 871782912000 & 653837184000 & 355687428096000 & 958003200 & 3201186852864000 & 58060800 & 168 & 10461394944000 & 3201186852864000 & 3923023104000 & 43589145600 & 355687428096000 & 3832012800 \\
(5, 2) & 144 & 479001600 & 96 & 12 & 159667200 & 2880 & 1555200 & 240 & 144 & 1080 & 96 & 6480 & 8640 & 144 & 146313216000 & 355687428096000 & 83691159552000 & 174356582400 & 2395008000 & 20922789888000 & 3923023104000 & 74724249600 & 121645100408832000 & 20922789888000 & 1307674368000 & 1307674368000 & 41845579776000 & 1916006400 & 3923023104000 & 7257600 & 504 & 20922789888000 & 6402373705728000 & 261534873600 & 87178291200 & 355687428096000 & 319334400 \\
(6, 1) & 5376 & 196 & 958003200 & 159667200 & 28 & 87178291200 & 747242496000 & 10752 & 479001600 & 21772800 & 2615348736000 & 74724249600 & 49816166400 & 355687428096000 & 2432902008176640000 & 87178291200 & 25852016738884976640000 & 20922789888000 & 121645100408832000 & 1124000727777607680000 & 252 & 20922789888000 & 153272826515128320000 & 6402373705728000 & 25852016738884976640000 & 51090942171709440000 & 20922789888000 & 6402373705728000 & 672 & 1307674368000 & 355687428096000 & 6402373705728000 & 420 & 1067062284288000 & 5748019200 & 15692092416000 & 6402373705728000 \\
(6, 2) & 288 & 79833600 & 17280 & 2880 & 87178291200 & 12 & 87178291200 & 96 & 8640 & 720 & 20922789888000 & 29030400 & 19353600 & 14515200 & 121645100408832000 & 6402373705728000 & 1124000727777607680000 & 149448499200 & 3621252096000 & 180 & 37362124800 & 4483454976000 & 1067062284288000 & 1067062284288000 & 2241727488000 & 2134124568576000 & 149448499200 & 19207121117184000 & 697426329600 & 344881152000 & 20922789888000 & 3923023104000 & 12804747411456000 & 7185024000 & 292626432000 & 1219276800 & 87178291200 \\
(6, 3) & 720 & 59875200 & 10886400 & 1555200 & 747242496000 & 87178291200 & 12 & 40320 & 144 & 14370048000 & 2432902008176640000 & 28740096000 & 172440576000 & 6402373705728000 & 86220288000 & 19207121117184000 & 125536739328000 & 5748019200 & 604800 & 2134124568576000 & 7846046208000 & 862202880000 & 121645100408832000 & 523069747200 & 3201186852864000 & 364935301226496000 & 251073478656000 & 74724249600 & 25545471085854720000 & 3448811520000 & 43893964800 & 3923023104000 & 562000363888803840000 & 62768369664000 & 121645100408832000 & 359251200 & 20922789888000 \\
(6, 4) & 4 & 362880 & 20 & 240 & 10752 & 96 & 40320 & 2 & 4 & 60 & 16 & 43200 & 1814400 & 24 & 261273600 & 37362124800 & 348713164800 & 79833600 & 216000 & 3201186852864000 & 119750400 & 43545600 & 2615348736000 & 12454041600 & 2395008000 & 10461394944000 & 12454041600 & 159667200 & 1828915200 & 34560 & 84 & 87178291200 & 355687428096000 & 2612736000 & 43589145600 & 4838400 & 159667200 \\
(6, 5) & 4 & 40320 & 48 & 144 & 479001600 & 8640 & 144 & 4 & 2 & 18 & 518400 & 12960 & 8640 & 1152 & 2903040 & 174356582400 & 6402373705728000 & 6227020800 & 2395008000 & 355687428096000 & 10886400 & 261534873600 & 24 & 1307674368000 & 2395008000 & 20922789888000 & 1307674368000 & 653837184000 & 4354560 & 2612736000 & 120960 & 653837184000 & 20922789888000 & 30240 & 241920 & 149448499200 & 4790016000 \\
(7, 1) & 18 & 9340531200 & 120 & 1080 & 21772800 & 720 & 14370048000 & 60 & 18 & 3 & 24 & 24 & 288 & 36 & 3621252096000 & 62768369664000 & 4865804016353280000 & 18681062400 & 3048192000 & 1216451004088320000 & 7846046208000 & 8622028800 & 2432902008176640000 & 121645100408832000 & 3649353012264960000 & 3201186852864000 & 3923023104000 & 37362124800 & 3201186852864000 & 1814400 & 126 & 3201186852864000 & 1216451004088320000 & 1255367393280000 & 43589145600 & 219689293824000 & 7846046208000 \\
(7, 2) & 16 & 12454041600 & 32 & 96 & 2615348736000 & 20922789888000 & 2432902008176640000 & 16 & 518400 & 24 & 8 & 48 & 96 & 50803200 & 355687428096000 & 243290200817664000 & 2432902008176640000 & 2432902008176640000 & 25852016738884976640000 & 25852016738884976640000 & 7846046208000 & 2432902008176640000 & 251073478656000 & 697426329600 & 1124000727777607680000 & 15511210043330985984000000 & 2432902008176640000 & 1124000727777607680000 & 8369115955200 & 121645100408832000 & 20922789888000 & 251073478656000 & 243290200817664000 & 364935301226496000 & 192 & 2432902008176640000 & 6402373705728000 \\
(7, 3) & 12960 & 20922789888000 & 86400 & 6480 & 74724249600 & 29030400 & 28740096000 & 43200 & 12960 & 24 & 48 & 6 & 8640 & 72 & 1738201006080000 & 121645100408832000 & 9731608032706560000 & 125536739328000 & 78460462080000 & 2432902008176640000 & 121645100408832000 & 47076277248000 & 2432902008176640000 & 121645100408832000 & 7298706024529920000 & 6402373705728000 & 38414242234368000 & 83691159552000 & 6402373705728000 & 1219276800 & 252 & 6402373705728000 & 2432902008176640000 & 1255367393280000 & 87178291200 & 51090942171709440000 & 25609494822912000 \\
(7, 4) & 8640 & 177843714048000 & 1814400 & 8640 & 49816166400 & 19353600 & 172440576000 & 1814400 & 8640 & 288 & 96 & 8640 & 12 & 144 & 22596613079040000 & 121645100408832000 & 102181884343418880000 & 83691159552000 & 627683696640000 & 25545471085854720000 & 60822550204416000 & 31384184832000 & 2432902008176640000 & 121645100408832000 & 3649353012264960000 & 60822550204416000 & 25609494822912000 & 711374856192000 & 3201186852864000 & 812851200 & 504 & 60822550204416000 & 25545471085854720000 & 51090942171709440000 & 43589145600 & 1124000727777607680000 & 243290200817664000 \\
(7, 5) & 24 & 1088640 & 48 & 144 & 355687428096000 & 14515200 & 6402373705728000 & 24 & 1152 & 36 & 50803200 & 72 & 144 & 12 & 355687428096000 & 121645100408832000 & 1216451004088320000 & 1216451004088320000 & 711374856192000 & 51090942171709440000 & 359251200 & 2432902008176640000 & 38414242234368000 & 1161216000 & 78460462080000 & 243290200817664000 & 2432902008176640000 & 41845579776000 & 1046139494400 & 121645100408832000 & 20922789888000 & 86910050304000 & 51090942171709440000 & 364935301226496000 & 288 & 62768369664000 & 6402373705728000 \\
(7, 6) & 5760 & 6227020800 & 146313216000 & 146313216000 & 2432902008176640000 & 121645100408832000 & 86220288000 & 261273600 & 2903040 & 3621252096000 & 355687428096000 & 1738201006080000 & 22596613079040000 & 355687428096000 & 40 & 2615348736000 & 20922789888000 & 25852016738884976640000 & 121645100408832000 & 121645100408832000 & 19207121117184000 & 25852016738884976640000 & 7298706024529920000 & 364935301226496000 & 16133981738434560000 & 51090942171709440000 & 25852016738884976640000 & 6402373705728000 & 25609494822912000 & 3515028701184000 & 6402373705728000 & 2432902008176640000 & 121645100408832000 & 364935301226496000 & 620448401733239439360000 & 20922789888000 & 51090942171709440000 \\
(7, 7) & 958003200 & 39916800 & 355687428096000 & 355687428096000 & 87178291200 & 6402373705728000 & 19207121117184000 & 37362124800 & 174356582400 & 62768369664000 & 243290200817664000 & 121645100408832000 & 121645100408832000 & 121645100408832000 & 2615348736000 & 22 & 121645100408832000 & 243290200817664000 & 1124000727777607680000 & 1124000727777607680000 & 1046139494400 & 76828484468736000 & 62768369664000 & 2134124568576000 & 1124000727777607680000 & 620448401733239439360000 & 102181884343418880000 & 2432902008176640000 & 6402373705728000 & 7846046208000 & 243290200817664000 & 121645100408832000 & 6402373705728000 & 364935301226496000 & 2432902008176640000 & 121645100408832000 & 51090942171709440000 \\
(8, 1) & 24908083200 & 958003200 & 41845579776000 & 83691159552000 & 25852016738884976640000 & 1124000727777607680000 & 125536739328000 & 348713164800 & 6402373705728000 & 4865804016353280000 & 2432902008176640000 & 9731608032706560000 & 102181884343418880000 & 1216451004088320000 & 20922789888000 & 121645100408832000 & 12 & 310224200866619719680000 & 60822550204416000 & 60822550204416000 & 243290200817664000 & 620448401733239439360000 & 76828484468736000 & 3372002183332823040000 & 1240896803466478878720000 & 25545471085854720000 & 620448401733239439360000 & 2615348736000 & 562000363888803840000 & 25852016738884976640000 & 121645100408832000 & 562000363888803840000 & 60822550204416000 & 1124000727777607680000 & 2248001455555215360000 & 355687428096000 & 25852016738884976640000 \\
(8, 2) & 39916800 & 70 & 1307674368000 & 174356582400 & 20922789888000 & 149448499200 & 5748019200 & 79833600 & 6227020800 & 18681062400 & 2432902008176640000 & 125536739328000 & 83691159552000 & 1216451004088320000 & 25852016738884976640000 & 243290200817664000 & 310224200866619719680000 & 10 & 1216451004088320000 & 12926008369442488320000 & 90 & 1916006400 & 6744004366665646080000 & 12804747411456000 & 875844722943590400000 & 562000363888803840000 & 1036800 & 60822550204416000 & 2092278988800 & 20922789888000 & 121645100408832000 & 121645100408832000 & 15511210043330985984000000 & 102181884343418880000 & 7846046208000 & 7532204359680000 & 2432902008176640000 \\
(8, 3) & 600 & 217945728000 & 10461394944000 & 2395008000 & 121645100408832000 & 3621252096000 & 604800 & 216000 & 2395008000 & 3048192000 & 25852016738884976640000 & 78460462080000 & 627683696640000 & 711374856192000 & 121645100408832000 & 1124000727777607680000 & 60822550204416000 & 1216451004088320000 & 5 & 3201186852864000 & 153272826515128320000 & 2432902008176640000 & 36493530122649600000 & 51090942171709440000 & 275 & 177843714048000 & 2432902008176640000 & 9600 & 310224200866619719680000 & 121645100408832000 & 51090942171709440000 & 1216451004088320000 & 562000363888803840000 & 1124000727777607680000 & 562000363888803840000 & 355687428096000 & 32011868528640000 \\
(8, 4) & 10461394944000 & 177843714048000 & 10461394944000 & 20922789888000 & 1124000727777607680000 & 180 & 2134124568576000 & 3201186852864000 & 355687428096000 & 1216451004088320000 & 25852016738884976640000 & 2432902008176640000 & 25545471085854720000 & 51090942171709440000 & 121645100408832000 & 1124000727777607680000 & 60822550204416000 & 12926008369442488320000 & 3201186852864000 & 15 & 12926008369442488320000 & 25852016738884976640000 & 15511210043330985984000000 & 25852016738884976640000 & 152444172305856930250752000000 & 177843714048000 & 25852016738884976640000 & 3201186852864000 & 562000363888803840000 & 2432902008176640000 & 1124000727777607680000 & 1216451004088320000 & 60822550204416000 & 1124000727777607680000 & 562000363888803840000 & 2432902008176640000 & 15511210043330985984000000 \\
(8, 5) & 10886400 & 718502400 & 3201186852864000 & 3923023104000 & 252 & 37362124800 & 7846046208000 & 119750400 & 10886400 & 7846046208000 & 7846046208000 & 121645100408832000 & 60822550204416000 & 359251200 & 19207121117184000 & 1046139494400 & 243290200817664000 & 90 & 153272826515128320000 & 12926008369442488320000 & 9 & 324 & 6402373705728000 & 1124000727777607680000 & 1216451004088320000 & 310224200866619719680000 & 108 & 729870602452992000 & 3201186852864000 & 108 & 364935301226496000 & 3649353012264960000 & 1216451004088320000 & 1124000727777607680000 & 60822550204416000 & 25852016738884976640000 & 38414242234368000 \\
(8, 6) & 21772800 & 252 & 523069747200 & 74724249600 & 20922789888000 & 4483454976000 & 862202880000 & 43545600 & 261534873600 & 8622028800 & 2432902008176640000 & 47076277248000 & 31384184832000 & 2432902008176640000 & 25852016738884976640000 & 76828484468736000 & 620448401733239439360000 & 1916006400 & 2432902008176640000 & 25852016738884976640000 & 324 & 36 & 13488008733331292160000 & 25609494822912000 & 128749174272707788800000 & 1124000727777607680000 & 165888 & 121645100408832000 & 94152554496000 & 20922789888000 & 121645100408832000 & 51090942171709440000 & 10888869450418352160768000000 & 25852016738884976640000 & 3138418483200 & 15064408719360000 & 2432902008176640000 \\
(8, 7) & 24 & 261534873600 & 2432902008176640000 & 121645100408832000 & 153272826515128320000 & 1067062284288000 & 121645100408832000 & 2615348736000 & 24 & 2432902008176640000 & 251073478656000 & 2432902008176640000 & 2432902008176640000 & 38414242234368000 & 7298706024529920000 & 62768369664000 & 76828484468736000 & 6744004366665646080000 & 36493530122649600000 & 15511210043330985984000000 & 6402373705728000 & 13488008733331292160000 & 12 & 15511210043330985984000000 & 6402373705728000 & 403291461126605635584000000 & 6744004366665646080000 & 613091306060513280000 & 121645100408832000 & 6402373705728000 & 153272826515128320000 & 23538138624000 & 51090942171709440000 & 2432902008176640000 & 2432902008176640000 & 3372002183332823040000 & 364935301226496000 \\
(8, 8) & 6227020800 & 3923023104000 & 20922789888000 & 20922789888000 & 6402373705728000 & 1067062284288000 & 523069747200 & 12454041600 & 1307674368000 & 121645100408832000 & 697426329600 & 121645100408832000 & 121645100408832000 & 1161216000 & 364935301226496000 & 2134124568576000 & 3372002183332823040000 & 12804747411456000 & 51090942171709440000 & 25852016738884976640000 & 1124000727777607680000 & 25609494822912000 & 15511210043330985984000000 & 30 & 608225502044160000 & 1124000727777607680000 & 12804747411456000 & 2432902008176640000 & 9731608032706560000 & 25609494822912000 & 25852016738884976640000 & 121645100408832000 & 77556050216654929920000 & 57621363351552000 & 121645100408832000 & 1307674368000 & 25852016738884976640000 \\
(8, 9) & 110 & 60822550204416000 & 871782912000 & 1307674368000 & 25852016738884976640000 & 2241727488000 & 3201186852864000 & 2395008000 & 2395008000 & 3649353012264960000 & 1124000727777607680000 & 7298706024529920000 & 3649353012264960000 & 78460462080000 & 16133981738434560000 & 1124000727777607680000 & 1240896803466478878720000 & 875844722943590400000 & 275 & 152444172305856930250752000000 & 1216451004088320000 & 128749174272707788800000 & 6402373705728000 & 608225502044160000 & 55 & 1551121004333098598400000 & 403291461126605635584000000 & 1100 & 562000363888803840000 & 6130913060605132800000 & 25852016738884976640000 & 12926008369442488320000 & 310224200866619719680000 & 26362715258880000 & 12926008369442488320000 & 9886018222080000 & 51090942171709440000 \\
(8, 10) & 653837184000 & 60822550204416000 & 653837184000 & 1307674368000 & 51090942171709440000 & 2134124568576000 & 364935301226496000 & 10461394944000 & 20922789888000 & 3201186852864000 & 15511210043330985984000000 & 6402373705728000 & 60822550204416000 & 243290200817664000 & 51090942171709440000 & 620448401733239439360000 & 25545471085854720000 & 562000363888803840000 & 177843714048000 & 177843714048000 & 310224200866619719680000 & 1124000727777607680000 & 403291461126605635584000000 & 1124000727777607680000 & 1551121004333098598400000 & 15 & 1124000727777607680000 & 177843714048000 & 562000363888803840000 & 121645100408832000 & 25852016738884976640000 & 25545471085854720000 & 25545471085854720000 & 2432902008176640000 & 1216451004088320000 & 121645100408832000 & 620448401733239439360000 \\
(8, 11) & 6227020800 & 84 & 355687428096000 & 41845579776000 & 20922789888000 & 149448499200 & 251073478656000 & 12454041600 & 1307674368000 & 3923023104000 & 2432902008176640000 & 38414242234368000 & 25609494822912000 & 2432902008176640000 & 25852016738884976640000 & 102181884343418880000 & 620448401733239439360000 & 1036800 & 2432902008176640000 & 25852016738884976640000 & 108 & 165888 & 6744004366665646080000 & 12804747411456000 & 403291461126605635584000000 & 1124000727777607680000 & 12 & 121645100408832000 & 502146957312000 & 20922789888000 & 121645100408832000 & 51090942171709440000 & 10888869450418352160768000000 & 102181884343418880000 & 2134124568576000 & 7532204359680000 & 2432902008176640000 \\
(8, 12) & 7680 & 174356582400 & 958003200 & 1916006400 & 6402373705728000 & 19207121117184000 & 74724249600 & 159667200 & 653837184000 & 37362124800 & 1124000727777607680000 & 83691159552000 & 711374856192000 & 41845579776000 & 6402373705728000 & 2432902008176640000 & 2615348736000 & 60822550204416000 & 9600 & 3201186852864000 & 729870602452992000 & 121645100408832000 & 613091306060513280000 & 2432902008176640000 & 1100 & 177843714048000 & 121645100408832000 & 20 & 310224200866619719680000 & 6402373705728000 & 2432902008176640000 & 60822550204416000 & 562000363888803840000 & 1124000727777607680000 & 12804747411456000 & 355687428096000 & 1124000727777607680000 \\
(8, 13) & 4354560 & 958003200 & 3201186852864000 & 3923023104000 & 672 & 697426329600 & 25545471085854720000 & 1828915200 & 4354560 & 3201186852864000 & 8369115955200 & 6402373705728000 & 3201186852864000 & 1046139494400 & 25609494822912000 & 6402373705728000 & 562000363888803840000 & 2092278988800 & 310224200866619719680000 & 562000363888803840000 & 3201186852864000 & 94152554496000 & 121645100408832000 & 9731608032706560000 & 562000363888803840000 & 562000363888803840000 & 502146957312000 & 310224200866619719680000 & 24 & 51840 & 25852016738884976640000 & 25545471085854720000 & 3201186852864000 & 15692092416000 & 60822550204416000 & 76828484468736000 & 243290200817664000 \\
(8, 14) & 34560 & 84 & 58060800 & 7257600 & 1307674368000 & 344881152000 & 3448811520000 & 34560 & 2612736000 & 1814400 & 121645100408832000 & 1219276800 & 812851200 & 121645100408832000 & 3515028701184000 & 7846046208000 & 25852016738884976640000 & 20922789888000 & 121645100408832000 & 2432902008176640000 & 108 & 20922789888000 & 6402373705728000 & 25609494822912000 & 6130913060605132800000 & 121645100408832000 & 20922789888000 & 6402373705728000 & 51840 & 12 & 6402373705728000 & 14485008384000 & 153272826515128320000 & 13168189440000 & 1046139494400 & 51090942171709440000 & 121645100408832000 \\
(8, 15) & 84 & 355687428096000 & 168 & 504 & 355687428096000 & 20922789888000 & 43893964800 & 84 & 120960 & 126 & 20922789888000 & 252 & 504 & 20922789888000 & 6402373705728000 & 243290200817664000 & 121645100408832000 & 121645100408832000 & 51090942171709440000 & 1124000727777607680000 & 364935301226496000 & 121645100408832000 & 153272826515128320000 & 25852016738884976640000 & 25852016738884976640000 & 25852016738884976640000 & 121645100408832000 & 2432902008176640000 & 25852016738884976640000 & 6402373705728000 & 42 & 121645100408832000 & 1124000727777607680000 & 2432902008176640000 & 1008 & 121645100408832000 & 6402373705728000 \\
(8, 16) & 3113510400 & 10461394944000 & 10461394944000 & 20922789888000 & 6402373705728000 & 3923023104000 & 3923023104000 & 87178291200 & 653837184000 & 3201186852864000 & 251073478656000 & 6402373705728000 & 60822550204416000 & 86910050304000 & 2432902008176640000 & 121645100408832000 & 562000363888803840000 & 121645100408832000 & 1216451004088320000 & 1216451004088320000 & 3649353012264960000 & 51090942171709440000 & 23538138624000 & 121645100408832000 & 12926008369442488320000 & 25545471085854720000 & 51090942171709440000 & 60822550204416000 & 25545471085854720000 & 14485008384000 & 121645100408832000 & 6 & 1216451004088320000 & 3628800 & 1216451004088320000 & 173820100608000 & 6402373705728000 \\
(8, 17) & 20922789888000 & 653837184000 & 3201186852864000 & 6402373705728000 & 420 & 12804747411456000 & 562000363888803840000 & 355687428096000 & 20922789888000 & 1216451004088320000 & 243290200817664000 & 2432902008176640000 & 25545471085854720000 & 51090942171709440000 & 121645100408832000 & 6402373705728000 & 60822550204416000 & 15511210043330985984000000 & 562000363888803840000 & 60822550204416000 & 1216451004088320000 & 10888869450418352160768000000 & 51090942171709440000 & 77556050216654929920000 & 310224200866619719680000 & 25545471085854720000 & 10888869450418352160768000000 & 562000363888803840000 & 3201186852864000 & 153272826515128320000 & 1124000727777607680000 & 1216451004088320000 & 15 & 1124000727777607680000 & 562000363888803840000 & 2432902008176640000 & 51090942171709440000 \\
(8, 18) & 4320 & 3923023104000 & 3923023104000 & 261534873600 & 1067062284288000 & 7185024000 & 62768369664000 & 2612736000 & 30240 & 1255367393280000 & 364935301226496000 & 1255367393280000 & 51090942171709440000 & 364935301226496000 & 364935301226496000 & 364935301226496000 & 1124000727777607680000 & 102181884343418880000 & 1124000727777607680000 & 1124000727777607680000 & 1124000727777607680000 & 25852016738884976640000 & 2432902008176640000 & 57621363351552000 & 26362715258880000 & 2432902008176640000 & 102181884343418880000 & 1124000727777607680000 & 15692092416000 & 13168189440000 & 2432902008176640000 & 3628800 & 1124000727777607680000 & 30 & 1124000727777607680000 & 2432902008176640000 & 51090942171709440000 \\
(8, 19) & 120960 & 3201186852864000 & 43589145600 & 87178291200 & 5748019200 & 292626432000 & 121645100408832000 & 43589145600 & 241920 & 43589145600 & 192 & 87178291200 & 43589145600 & 288 & 620448401733239439360000 & 2432902008176640000 & 2248001455555215360000 & 7846046208000 & 562000363888803840000 & 562000363888803840000 & 60822550204416000 & 3138418483200 & 2432902008176640000 & 121645100408832000 & 12926008369442488320000 & 1216451004088320000 & 2134124568576000 & 12804747411456000 & 60822550204416000 & 1046139494400 & 1008 & 1216451004088320000 & 562000363888803840000 & 1124000727777607680000 & 24 & 25852016738884976640000 & 4865804016353280000 \\
(8, 20) & 604800 & 20922789888000 & 355687428096000 & 355687428096000 & 15692092416000 & 1219276800 & 359251200 & 4838400 & 149448499200 & 219689293824000 & 2432902008176640000 & 51090942171709440000 & 1124000727777607680000 & 62768369664000 & 20922789888000 & 121645100408832000 & 355687428096000 & 7532204359680000 & 355687428096000 & 2432902008176640000 & 25852016738884976640000 & 15064408719360000 & 3372002183332823040000 & 1307674368000 & 9886018222080000 & 121645100408832000 & 7532204359680000 & 355687428096000 & 76828484468736000 & 51090942171709440000 & 121645100408832000 & 173820100608000 & 2432902008176640000 & 2432902008176640000 & 25852016738884976640000 & 30 & 9656672256000 \\
(8, 21) & 14515200 & 174356582400 & 3832012800 & 319334400 & 6402373705728000 & 87178291200 & 20922789888000 & 159667200 & 4790016000 & 7846046208000 & 6402373705728000 & 25609494822912000 & 243290200817664000 & 6402373705728000 & 51090942171709440000 & 51090942171709440000 & 25852016738884976640000 & 2432902008176640000 & 32011868528640000 & 15511210043330985984000000 & 38414242234368000 & 2432902008176640000 & 364935301226496000 & 25852016738884976640000 & 51090942171709440000 & 620448401733239439360000 & 2432902008176640000 & 1124000727777607680000 & 243290200817664000 & 121645100408832000 & 6402373705728000 & 6402373705728000 & 51090942171709440000 & 51090942171709440000 & 4865804016353280000 & 9656672256000 & 36 \\
